.LSQ_RT_SYM1      R     12  (3F12.6)
    1.000000    0.000000    0.000000
    0.000000    1.000000    0.000000
    0.000000    0.000000    1.000000
    0.000000    0.000000    0.000000
.LSQ_RT_SYM2      R     12  (3F12.6)
    0.500000    0.809017    0.309017
   -0.809017    0.309017    0.500000
    0.309017   -0.500000    0.809017
    0.000000    0.000000    0.000000
.LSQ_RT_SYM3      R     12  (3F12.6)
    0.500000   -0.809017    0.309017
    0.809017    0.309017   -0.500000
    0.309017    0.500000    0.809017
    0.000000    0.000000    0.000000
.LSQ_RT_SYM4      R     12  (3F12.6)
    0.309017    0.500000   -0.809017
   -0.500000    0.809017    0.309017
    0.809017    0.309017    0.500000
    0.000000    0.000000    0.000000
.LSQ_RT_SYM5      R     12  (3F12.6)
    0.309017   -0.500000    0.809017
    0.500000    0.809017    0.309017
   -0.809017    0.309017    0.500000
    0.000000    0.000000    0.000000
.LSQ_RT_SYM6      R     12  (3F12.6)
    0.309017    0.500000    0.809017
   -0.500000    0.809017   -0.309017
   -0.809017   -0.309017    0.500000
    0.000000    0.000000    0.000000
.LSQ_RT_SYM7      R     12  (3F12.6)
    0.309017   -0.500000   -0.809017
    0.500000    0.809017   -0.309017
    0.809017   -0.309017    0.500000
    0.000000    0.000000    0.000000
.LSQ_RT_SYM8      R     12  (3F12.6)
    0.809017    0.309017   -0.500000
    0.309017    0.500000    0.809017
    0.500000   -0.809017    0.309017
    0.000000    0.000000    0.000000
.LSQ_RT_SYM9      R     12  (3F12.6)
    0.809017    0.309017    0.500000
    0.309017    0.500000   -0.809017
   -0.500000    0.809017    0.309017
    0.000000    0.000000    0.000000
.LSQ_RT_SYM10     R     12  (3F12.6)
    0.809017   -0.309017    0.500000
   -0.309017    0.500000    0.809017
   -0.500000   -0.809017    0.309017
    0.000000    0.000000    0.000000
.LSQ_RT_SYM11     R     12  (3F12.6)
    0.809017   -0.309017   -0.500000
   -0.309017    0.500000   -0.809017
    0.500000    0.809017    0.309017
    0.000000    0.000000    0.000000
.LSQ_RT_SYM12     R     12  (3F12.6)
    0.500000    0.809017   -0.309017
   -0.809017    0.309017   -0.500000
   -0.309017    0.500000    0.809017
    0.000000    0.000000    0.000000
.LSQ_RT_SYM13     R     12  (3F12.6)
    0.500000   -0.809017   -0.309017
    0.809017    0.309017    0.500000
   -0.309017   -0.500000    0.809017
    0.000000    0.000000    0.000000
.LSQ_RT_SYM14     R     12  (3F12.6)
   -0.309017    0.500000    0.809017
   -0.500000   -0.809017    0.309017
    0.809017   -0.309017    0.500000
    0.000000    0.000000    0.000000
.LSQ_RT_SYM15     R     12  (3F12.6)
   -0.309017   -0.500000    0.809017
    0.500000   -0.809017   -0.309017
    0.809017    0.309017    0.500000
    0.000000    0.000000    0.000000
.LSQ_RT_SYM16     R     12  (3F12.6)
   -0.809017    0.309017   -0.500000
   -0.309017    0.500000    0.809017
    0.500000    0.809017   -0.309017
    0.000000    0.000000    0.000000
.LSQ_RT_SYM17     R     12  (3F12.6)
   -0.809017   -0.309017    0.500000
    0.309017    0.500000    0.809017
   -0.500000    0.809017   -0.309017
    0.000000    0.000000    0.000000
.LSQ_RT_SYM18     R     12  (3F12.6)
   -0.809017    0.309017    0.500000
   -0.309017    0.500000   -0.809017
   -0.500000   -0.809017   -0.309017
    0.000000    0.000000    0.000000
.LSQ_RT_SYM19     R     12  (3F12.6)
   -0.809017   -0.309017   -0.500000
    0.309017    0.500000   -0.809017
    0.500000   -0.809017   -0.309017
    0.000000    0.000000    0.000000
.LSQ_RT_SYM20     R     12  (3F12.6)
    0.500000    0.809017   -0.309017
    0.809017   -0.309017    0.500000
    0.309017   -0.500000   -0.809017
    0.000000    0.000000    0.000000
.LSQ_RT_SYM21     R     12  (3F12.6)
    0.500000    0.809017    0.309017
    0.809017   -0.309017   -0.500000
   -0.309017    0.500000   -0.809017
    0.000000    0.000000    0.000000
.LSQ_RT_SYM22     R     12  (3F12.6)
    0.500000   -0.809017    0.309017
   -0.809017   -0.309017    0.500000
   -0.309017   -0.500000   -0.809017
    0.000000    0.000000    0.000000
.LSQ_RT_SYM23     R     12  (3F12.6)
    0.500000   -0.809017   -0.309017
   -0.809017   -0.309017   -0.500000
    0.309017    0.500000   -0.809017
    0.000000    0.000000    0.000000
.LSQ_RT_SYM24     R     12  (3F12.6)
   -0.309017    0.500000   -0.809017
   -0.500000   -0.809017   -0.309017
   -0.809017    0.309017    0.500000
    0.000000    0.000000    0.000000
.LSQ_RT_SYM25     R     12  (3F12.6)
   -0.309017   -0.500000   -0.809017
    0.500000   -0.809017    0.309017
   -0.809017   -0.309017    0.500000
    0.000000    0.000000    0.000000
.LSQ_RT_SYM26     R     12  (3F12.6)
    0.000000    1.000000    0.000000
    0.000000    0.000000    1.000000
    1.000000    0.000000    0.000000
    0.000000    0.000000    0.000000
.LSQ_RT_SYM27     R     12  (3F12.6)
    0.000000    0.000000    1.000000
    1.000000    0.000000    0.000000
    0.000000    1.000000    0.000000
    0.000000    0.000000    0.000000
.LSQ_RT_SYM28     R     12  (3F12.6)
    0.000000    0.000000    1.000000
   -1.000000    0.000000    0.000000
    0.000000   -1.000000    0.000000
    0.000000    0.000000    0.000000
.LSQ_RT_SYM29     R     12  (3F12.6)
    0.000000   -1.000000    0.000000
    0.000000    0.000000   -1.000000
    1.000000    0.000000    0.000000
    0.000000    0.000000    0.000000
.LSQ_RT_SYM30     R     12  (3F12.6)
   -0.500000    0.809017   -0.309017
   -0.809017   -0.309017    0.500000
    0.309017    0.500000    0.809017
    0.000000    0.000000    0.000000
.LSQ_RT_SYM31     R     12  (3F12.6)
   -0.500000   -0.809017    0.309017
    0.809017   -0.309017    0.500000
   -0.309017    0.500000    0.809017
    0.000000    0.000000    0.000000
.LSQ_RT_SYM32     R     12  (3F12.6)
   -0.500000    0.809017    0.309017
   -0.809017   -0.309017   -0.500000
   -0.309017   -0.500000    0.809017
    0.000000    0.000000    0.000000
.LSQ_RT_SYM33     R     12  (3F12.6)
   -0.500000   -0.809017   -0.309017
    0.809017   -0.309017   -0.500000
    0.309017   -0.500000    0.809017
    0.000000    0.000000    0.000000
.LSQ_RT_SYM34     R     12  (3F12.6)
    0.809017    0.309017    0.500000
   -0.309017   -0.500000    0.809017
    0.500000   -0.809017   -0.309017
    0.000000    0.000000    0.000000
.LSQ_RT_SYM35     R     12  (3F12.6)
    0.809017   -0.309017    0.500000
    0.309017   -0.500000   -0.809017
    0.500000    0.809017   -0.309017
    0.000000    0.000000    0.000000
.LSQ_RT_SYM36     R     12  (3F12.6)
   -0.309017    0.500000   -0.809017
    0.500000    0.809017    0.309017
    0.809017   -0.309017   -0.500000
    0.000000    0.000000    0.000000
.LSQ_RT_SYM37     R     12  (3F12.6)
   -0.309017    0.500000    0.809017
    0.500000    0.809017   -0.309017
   -0.809017    0.309017   -0.500000
    0.000000    0.000000    0.000000
.LSQ_RT_SYM38     R     12  (3F12.6)
   -0.309017   -0.500000    0.809017
   -0.500000    0.809017    0.309017
   -0.809017   -0.309017   -0.500000
    0.000000    0.000000    0.000000
.LSQ_RT_SYM39     R     12  (3F12.6)
   -0.309017   -0.500000   -0.809017
   -0.500000    0.809017   -0.309017
    0.809017    0.309017   -0.500000
    0.000000    0.000000    0.000000
.LSQ_RT_SYM40     R     12  (3F12.6)
    0.000000    0.000000   -1.000000
   -1.000000    0.000000    0.000000
    0.000000    1.000000    0.000000
    0.000000    0.000000    0.000000
.LSQ_RT_SYM41     R     12  (3F12.6)
    0.000000   -1.000000    0.000000
    0.000000    0.000000    1.000000
   -1.000000    0.000000    0.000000
    0.000000    0.000000    0.000000
.LSQ_RT_SYM42     R     12  (3F12.6)
    0.000000    1.000000    0.000000
    0.000000    0.000000   -1.000000
   -1.000000    0.000000    0.000000
    0.000000    0.000000    0.000000
.LSQ_RT_SYM43     R     12  (3F12.6)
    0.000000    0.000000   -1.000000
    1.000000    0.000000    0.000000
    0.000000   -1.000000    0.000000
    0.000000    0.000000    0.000000
.LSQ_RT_SYM44     R     12  (3F12.6)
    0.809017   -0.309017   -0.500000
    0.309017   -0.500000    0.809017
   -0.500000   -0.809017   -0.309017
    0.000000    0.000000    0.000000
.LSQ_RT_SYM45     R     12  (3F12.6)
    0.809017    0.309017   -0.500000
   -0.309017   -0.500000   -0.809017
   -0.500000    0.809017   -0.309017
    0.000000    0.000000    0.000000
.LSQ_RT_SYM46     R     12  (3F12.6)
   -0.809017    0.309017    0.500000
    0.309017   -0.500000    0.809017
    0.500000    0.809017    0.309017
    0.000000    0.000000    0.000000
.LSQ_RT_SYM47     R     12  (3F12.6)
   -0.809017   -0.309017    0.500000
   -0.309017   -0.500000   -0.809017
    0.500000   -0.809017    0.309017
    0.000000    0.000000    0.000000
.LSQ_RT_SYM48     R     12  (3F12.6)
    0.309017    0.500000    0.809017
    0.500000   -0.809017    0.309017
    0.809017    0.309017   -0.500000
    0.000000    0.000000    0.000000
.LSQ_RT_SYM49     R     12  (3F12.6)
    0.309017   -0.500000    0.809017
   -0.500000   -0.809017   -0.309017
    0.809017   -0.309017   -0.500000
    0.000000    0.000000    0.000000
.LSQ_RT_SYM50     R     12  (3F12.6)
   -1.000000    0.000000    0.000000
    0.000000   -1.000000    0.000000
    0.000000    0.000000    1.000000
    0.000000    0.000000    0.000000
.LSQ_RT_SYM51     R     12  (3F12.6)
   -0.500000    0.809017    0.309017
    0.809017    0.309017    0.500000
    0.309017    0.500000   -0.809017
    0.000000    0.000000    0.000000
.LSQ_RT_SYM52     R     12  (3F12.6)
   -0.500000   -0.809017    0.309017
   -0.809017    0.309017   -0.500000
    0.309017   -0.500000   -0.809017
    0.000000    0.000000    0.000000
.LSQ_RT_SYM53     R     12  (3F12.6)
   -0.809017   -0.309017   -0.500000
   -0.309017   -0.500000    0.809017
   -0.500000    0.809017    0.309017
    0.000000    0.000000    0.000000
.LSQ_RT_SYM54     R     12  (3F12.6)
   -0.809017    0.309017   -0.500000
    0.309017   -0.500000   -0.809017
   -0.500000   -0.809017    0.309017
    0.000000    0.000000    0.000000
.LSQ_RT_SYM55     R     12  (3F12.6)
    1.000000    0.000000    0.000000
    0.000000   -1.000000    0.000000
    0.000000    0.000000   -1.000000
    0.000000    0.000000    0.000000
.LSQ_RT_SYM56     R     12  (3F12.6)
   -1.000000    0.000000    0.000000
    0.000000    1.000000    0.000000
    0.000000    0.000000   -1.000000
    0.000000    0.000000    0.000000
.LSQ_RT_SYM57     R     12  (3F12.6)
   -0.500000    0.809017   -0.309017
    0.809017    0.309017   -0.500000
   -0.309017   -0.500000   -0.809017
    0.000000    0.000000    0.000000
.LSQ_RT_SYM58     R     12  (3F12.6)
   -0.500000   -0.809017   -0.309017
   -0.809017    0.309017    0.500000
   -0.309017    0.500000   -0.809017
    0.000000    0.000000    0.000000
.LSQ_RT_SYM59     R     12  (3F12.6)
    0.309017    0.500000   -0.809017
    0.500000   -0.809017   -0.309017
   -0.809017   -0.309017   -0.500000
    0.000000    0.000000    0.000000
.LSQ_RT_SYM60     R     12  (3F12.6)
    0.309017   -0.500000   -0.809017
   -0.500000   -0.809017    0.309017
   -0.809017    0.309017   -0.500000
    0.000000    0.000000    0.000000
