.LSQ_RT_SYM1      R     12  (3F12.6)
    1.000000    0.000000    0.000000
    0.000000    1.000000    0.000000
    0.000000    0.000000    1.000000
    0.000000    0.000000    0.000000
.LSQ_RT_SYM2      R     12  (3F12.6)
    0.623490    0.781831    0.000000
   -0.781831    0.623490    0.000000
    0.000000    0.000000    1.000000
    0.000000    0.000000    0.000000
.LSQ_RT_SYM3      R     12  (3F12.6)
   -0.222521    0.974928    0.000000
   -0.974928   -0.222521    0.000000
    0.000000    0.000000    1.000000
    0.000000    0.000000    0.000000
.LSQ_RT_SYM4      R     12  (3F12.6)
   -0.900969    0.433884    0.000000
   -0.433884   -0.900969    0.000000
    0.000000    0.000000    1.000000
    0.000000    0.000000    0.000000
.LSQ_RT_SYM5      R     12  (3F12.6)
   -0.900969   -0.433884    0.000000
    0.433884   -0.900969    0.000000
    0.000000    0.000000    1.000000
    0.000000    0.000000    0.000000
.LSQ_RT_SYM6      R     12  (3F12.6)
   -0.222521   -0.974928    0.000000
    0.974928   -0.222521    0.000000
    0.000000    0.000000    1.000000
    0.000000    0.000000    0.000000
.LSQ_RT_SYM7      R     12  (3F12.6)
    0.623490   -0.781831    0.000000
    0.781831    0.623490    0.000000
    0.000000    0.000000    1.000000
    0.000000    0.000000    0.000000
.LSQ_RT_SYM8      R     12  (3F12.6)
    1.000000    0.000000    0.000000
    0.000000   -1.000000    0.000000
    0.000000    0.000000   -1.000000
    0.000000    0.000000    0.000000
.LSQ_RT_SYM9      R     12  (3F12.6)
   -0.222521    0.974928    0.000000
    0.974928    0.222521    0.000000
    0.000000    0.000000   -1.000000
    0.000000    0.000000    0.000000
.LSQ_RT_SYM10     R     12  (3F12.6)
   -0.900969   -0.433884    0.000000
   -0.433884    0.900969    0.000000
    0.000000    0.000000   -1.000000
    0.000000    0.000000    0.000000
.LSQ_RT_SYM11     R     12  (3F12.6)
    0.623490   -0.781831    0.000000
   -0.781831   -0.623490    0.000000
    0.000000    0.000000   -1.000000
    0.000000    0.000000    0.000000
.LSQ_RT_SYM12     R     12  (3F12.6)
    0.623490    0.781831    0.000000
    0.781831   -0.623490    0.000000
    0.000000    0.000000   -1.000000
    0.000000    0.000000    0.000000
.LSQ_RT_SYM13     R     12  (3F12.6)
   -0.900969    0.433884    0.000000
    0.433884    0.900969    0.000000
    0.000000    0.000000   -1.000000
    0.000000    0.000000    0.000000
.LSQ_RT_SYM14     R     12  (3F12.6)
   -0.222521   -0.974928    0.000000
   -0.974928    0.222521    0.000000
    0.000000    0.000000   -1.000000
    0.000000    0.000000    0.000000
